Algorithm: Classic
clustering_time: 21.9788s
Silhouette: 0.0944434, 0.0870551, 0.0121154, 0.0491916, 0.182871, 0.0282508, 0.107397, 0.0921531, 0.110062, 0.0396697, 0.0803209
ObjectiveFunction: 159244
